00
00
00
00
00
00
00
00
00
00
00
00
00
00
00
00
00
00
00
00
00
00
00
00
00
00
00
00
00
00
00
00
00
00
00
00
00
00
00
00
00
00
00
00
00
00
00
00
00
00
00
00
00
00
00
00
00
00
00
00
00
00
00
00
00
00
00
00
00
00
00
00
00
00
00
00
00
00
00
00
00
00
00
00
00
00
00
00
00
00
00
00
00
00
00
00
00
00
00
00
00
00
00
00
00
00
00
00
00
00
00
00
00
00
00
00
00
00
00
00
00
00
00
00
00
00
00
08
00
00
00
00
00
00
00
00
00
18
06
00
80
01
00
00
00
00
18
00
01
00
00
00
00
00
00
80
19
C6
01
80
01
C0
FF
FF
03
1C
00
01
00
00
00
00
00
00
80
F9
F6
00
82
41
C0
00
00
03
3C
00
01
00
00
00
00
00
00
80
F9
3E
00
87
E1
C0
00
00
03
E6
18
01
00
00
00
00
00
00
80
19
06
00
86
61
C0
00
00
03
C3
19
01
00
00
00
00
00
00
80
19
06
06
8E
71
C0
FC
3F
83
83
1B
01
00
00
00
00
00
00
80
FD
0E
03
9C
39
C0
FC
3F
C3
01
19
01
00
00
00
00
00
00
C0
3F
FC
03
80
01
C0
00
00
E3
FF
18
01
00
00
00
00
00
00
40
60
00
00
80
01
C0
00
00
43
FF
18
01
00
00
00
00
00
00
00
30
18
E0
FF
FF
C7
F0
0F
03
C3
18
01
00
00
00
00
00
00
00
1C
0E
00
20
06
C0
F0
0F
03
C3
18
01
00
00
00
00
00
00
00
FE
03
00
30
06
C0
10
08
03
C3
18
01
00
00
00
00
00
00
00
C2
60
00
30
06
C0
10
08
03
C3
18
01
00
00
00
00
00
00
00
70
E0
00
30
06
C0
10
08
03
F3
18
01
00
00
00
00
00
00
00
FF
FF
01
30
06
C0
10
08
03
73
18
01
00
00
00
00
00
00
00
FF
83
03
18
06
C0
F0
0F
03
13
18
01
00
00
00
00
00
00
00
00
11
00
1C
06
C2
00
00
03
03
00
01
00
00
00
00
00
00
00
0C
71
00
0E
06
C7
00
00
03
03
03
01
00
00
00
00
00
00
00
8F
E1
81
07
0E
C3
00
00
03
83
03
01
00
00
00
00
00
00
C0
E3
81
E3
03
FC
C3
00
E0
03
FF
E1
01
00
00
00
00
00
00
C0
E0
00
C3
00
00
C0
00
C0
01
7E
C0
01
00
00
00
00
00
00
00
00
00
00
00
00
00
00
00
00
00
00
00
00
00
00
00
00
00
00
00
00
00
00
00
00
00
00
00
00
00
00
00
00
00
00
00
00
00
00
00
00
00
00
00
00
00
00
00
00
00
00
00
00
00
00
00
00
00
00
00
00
00
00
00
00
00
00
00
00
00
00
00
00
00
00
00
00
00
00
00
00
00
00
00
00
00
00
00
00
00
00
